Generated Puzzle:
[[1 0 3]
 [7 6 8]
 [4 2 5]]
Solving Puzzle using: Manhattan Distance
Final State Reached
{'Number of Moves': 19, 'Elapsed Time (sec)': 0.0743552, 'Maximal Queue Size': 485}
[[1 0 3]
 [7 6 8]
 [4 2 5]]
|
v
[[1 6 3]
 [7 0 8]
 [4 2 5]]
|
v
[[1 6 3]
 [0 7 8]
 [4 2 5]]
|
v
[[1 6 3]
 [4 7 8]
 [0 2 5]]
|
v
[[1 6 3]
 [4 7 8]
 [2 0 5]]
|
v
[[1 6 3]
 [4 0 8]
 [2 7 5]]
|
v
[[1 0 3]
 [4 6 8]
 [2 7 5]]
|
v
[[0 1 3]
 [4 6 8]
 [2 7 5]]
|
v
[[4 1 3]
 [0 6 8]
 [2 7 5]]
|
v
[[4 1 3]
 [2 6 8]
 [0 7 5]]
|
v
[[4 1 3]
 [2 6 8]
 [7 0 5]]
|
v
[[4 1 3]
 [2 6 8]
 [7 5 0]]
|
v
[[4 1 3]
 [2 6 0]
 [7 5 8]]
|
v
[[4 1 3]
 [2 0 6]
 [7 5 8]]
|
v
[[4 1 3]
 [0 2 6]
 [7 5 8]]
|
v
[[0 1 3]
 [4 2 6]
 [7 5 8]]
|
v
[[1 0 3]
 [4 2 6]
 [7 5 8]]
|
v
[[1 2 3]
 [4 0 6]
 [7 5 8]]
|
v
[[1 2 3]
 [4 5 6]
 [7 0 8]]
|
v
[[1 2 3]
 [4 5 6]
 [7 8 0]]
|
v
Done
------------------------
Solving Puzzle using: Hamming Distance
Final State Reached
{'Number of Moves': 19, 'Elapsed Time (sec)': 0.2224304, 'Maximal Queue Size': 1560}
[[1 0 3]
 [7 6 8]
 [4 2 5]]
|
v
[[0 1 3]
 [7 6 8]
 [4 2 5]]
|
v
[[7 1 3]
 [0 6 8]
 [4 2 5]]
|
v
[[7 1 3]
 [6 0 8]
 [4 2 5]]
|
v
[[7 1 3]
 [6 2 8]
 [4 0 5]]
|
v
[[7 1 3]
 [6 2 8]
 [0 4 5]]
|
v
[[7 1 3]
 [0 2 8]
 [6 4 5]]
|
v
[[0 1 3]
 [7 2 8]
 [6 4 5]]
|
v
[[1 0 3]
 [7 2 8]
 [6 4 5]]
|
v
[[1 2 3]
 [7 0 8]
 [6 4 5]]
|
v
[[1 2 3]
 [7 4 8]
 [6 0 5]]
|
v
[[1 2 3]
 [7 4 8]
 [0 6 5]]
|
v
[[1 2 3]
 [0 4 8]
 [7 6 5]]
|
v
[[1 2 3]
 [4 0 8]
 [7 6 5]]
|
v
[[1 2 3]
 [4 8 0]
 [7 6 5]]
|
v
[[1 2 3]
 [4 8 5]
 [7 6 0]]
|
v
[[1 2 3]
 [4 8 5]
 [7 0 6]]
|
v
[[1 2 3]
 [4 0 5]
 [7 8 6]]
|
v
[[1 2 3]
 [4 5 0]
 [7 8 6]]
|
v
[[1 2 3]
 [4 5 6]
 [7 8 0]]
|
v
Done
------------------------